2.562000000000000099e+01
2.690000000000000213e+01
2.812999999999999901e+01
2.931000000000000227e+01
3.044999999999999929e+01
3.156000000000000227e+01
3.264000000000000057e+01
3.368999999999999773e+01
3.471000000000000085e+01
3.571000000000000085e+01
3.667999999999999972e+01
3.764000000000000057e+01
3.857000000000000028e+01
3.949000000000000199e+01
4.039000000000000057e+01
4.128000000000000114e+01
4.214999999999999858e+01
4.300999999999999801e+01
4.385000000000000142e+01
4.467999999999999972e+01
4.550000000000000000e+01
4.631000000000000227e+01
4.710999999999999943e+01
4.789000000000000057e+01
4.867000000000000171e+01
4.943999999999999773e+01
5.020000000000000284e+01
5.095000000000000284e+01
5.168999999999999773e+01
5.242999999999999972e+01
5.316000000000000369e+01
5.387000000000000455e+01
5.459000000000000341e+01
5.528999999999999915e+01
5.599000000000000199e+01
5.668999999999999773e+01
5.737000000000000455e+01
5.805000000000000426e+01
5.873000000000000398e+01
5.939999999999999858e+01
6.006000000000000227e+01
6.071999999999999886e+01
6.138000000000000256e+01
6.202000000000000313e+01
6.267000000000000171e+01
6.331000000000000227e+01
6.394000000000000483e+01
6.457000000000000739e+01
6.520000000000000284e+01
6.582000000000000739e+01
6.643999999999999773e+01
6.704999999999999716e+01
6.765999999999999659e+01
6.826000000000000512e+01
6.887000000000000455e+01
6.946000000000000796e+01
7.006000000000000227e+01
7.065000000000000568e+01
7.123000000000000398e+01
7.182000000000000739e+01
7.240000000000000568e+01
7.298000000000000398e+01
7.354999999999999716e+01
7.412000000000000455e+01
7.468999999999999773e+01
7.525000000000000000e+01
7.581000000000000227e+01
7.637000000000000455e+01
7.693000000000000682e+01
7.748000000000000398e+01
7.803000000000000114e+01
7.857999999999999829e+01
7.912000000000000455e+01
7.965999999999999659e+01
8.020000000000000284e+01
8.073999999999999488e+01
8.126999999999999602e+01
8.179999999999999716e+01
8.232999999999999829e+01
8.285999999999999943e+01
8.339000000000000057e+01
8.390999999999999659e+01
8.443000000000000682e+01
8.493999999999999773e+01
8.546000000000000796e+01
8.596999999999999886e+01
8.648000000000000398e+01
8.698999999999999488e+01
8.750000000000000000e+01
8.800000000000000000e+01
8.850000000000000000e+01
8.900000000000000000e+01
8.950000000000000000e+01
9.000000000000000000e+01
9.048999999999999488e+01
9.098999999999999488e+01
9.148000000000000398e+01
9.196000000000000796e+01
9.245000000000000284e+01
9.293999999999999773e+01
9.342000000000000171e+01
9.390000000000000568e+01
9.437999999999999545e+01
9.485999999999999943e+01
9.532999999999999829e+01
9.579999999999999716e+01
9.628000000000000114e+01
9.675000000000000000e+01
9.721999999999999886e+01
9.768000000000000682e+01
9.815000000000000568e+01
9.860999999999999943e+01
9.907000000000000739e+01
9.953000000000000114e+01
9.999000000000000909e+01
1.004500000000000028e+02
1.009000000000000057e+02
1.013599999999999994e+02
1.018100000000000023e+02
1.022600000000000051e+02
1.027100000000000080e+02
1.031599999999999966e+02
1.036099999999999994e+02
1.040499999999999972e+02
1.044900000000000091e+02
1.049399999999999977e+02
1.053799999999999955e+02
1.058200000000000074e+02
1.062500000000000000e+02
1.066899999999999977e+02
1.071200000000000045e+02
1.075600000000000023e+02
1.079900000000000091e+02
1.084200000000000017e+02
1.088500000000000085e+02
1.092800000000000011e+02
1.097000000000000028e+02
1.101299999999999955e+02
1.105499999999999972e+02
1.109800000000000040e+02
1.114000000000000057e+02
1.118200000000000074e+02
1.122400000000000091e+02
1.126500000000000057e+02
1.130700000000000074e+02
1.134800000000000040e+02
1.139000000000000057e+02
1.143100000000000023e+02
1.147199999999999989e+02
1.151299999999999955e+02
1.155400000000000063e+02
1.159500000000000028e+02
1.163500000000000085e+02
1.167600000000000051e+02
1.171599999999999966e+02
1.175600000000000023e+02
1.179699999999999989e+02
1.183700000000000045e+02
1.187600000000000051e+02
1.191599999999999966e+02
1.195600000000000023e+02
1.199500000000000028e+02
1.203500000000000085e+02
1.207400000000000091e+02
1.211299999999999955e+02
1.215300000000000011e+02
1.219200000000000017e+02
1.222999999999999972e+02
1.226899999999999977e+02
1.230799999999999983e+02
1.234600000000000080e+02
1.238500000000000085e+02
1.242300000000000040e+02
1.246099999999999994e+02
1.249900000000000091e+02
1.253700000000000045e+02
1.257500000000000000e+02
1.261300000000000097e+02
1.265100000000000051e+02
1.268800000000000097e+02
1.272600000000000051e+02
1.276300000000000097e+02
1.280000000000000000e+02
1.283799999999999955e+02
1.287500000000000000e+02
1.291200000000000045e+02
1.294799999999999898e+02
1.298499999999999943e+02
1.302199999999999989e+02
1.305800000000000125e+02
1.309499999999999886e+02
1.313100000000000023e+02
1.316700000000000159e+02
1.320300000000000011e+02
1.323900000000000148e+02
1.327500000000000000e+02
1.331100000000000136e+02
1.334699999999999989e+02
1.338300000000000125e+02
1.341800000000000068e+02
1.345399999999999920e+02
1.348900000000000148e+02
1.352400000000000091e+02
1.355900000000000034e+02
1.359399999999999977e+02
1.362899999999999920e+02
1.366400000000000148e+02
1.369900000000000091e+02
1.373400000000000034e+02
1.376800000000000068e+02
1.380300000000000011e+02
1.383700000000000045e+02
1.387100000000000080e+02
1.390600000000000023e+02
1.394000000000000057e+02
1.397400000000000091e+02
1.400800000000000125e+02
1.404099999999999966e+02
1.407500000000000000e+02
1.410900000000000034e+02
1.414200000000000159e+02
1.417599999999999909e+02
1.420900000000000034e+02
1.424200000000000159e+02
1.427599999999999909e+02
1.430900000000000034e+02
1.434200000000000159e+02
1.437500000000000000e+02
1.440699999999999932e+02
1.444000000000000057e+02
1.447299999999999898e+02
1.450500000000000114e+02
1.453799999999999955e+02
1.457000000000000171e+02
1.460200000000000102e+02
1.463499999999999943e+02
1.466700000000000159e+02
1.469900000000000091e+02
1.473100000000000023e+02
1.476200000000000045e+02
1.479399999999999977e+02
1.482599999999999909e+02
1.485699999999999932e+02
1.488900000000000148e+02
1.492000000000000171e+02
1.495200000000000102e+02
1.498300000000000125e+02
1.501400000000000148e+02
1.504500000000000171e+02
1.507599999999999909e+02
1.510699999999999932e+02
1.513799999999999955e+02
1.516800000000000068e+02
1.519900000000000091e+02
1.523000000000000114e+02
1.525999999999999943e+02
1.529000000000000057e+02
1.532100000000000080e+02
1.535099999999999909e+02
1.538100000000000023e+02
1.541100000000000136e+02
1.544099999999999966e+02
1.547100000000000080e+02
1.550099999999999909e+02
1.553000000000000114e+02
1.555999999999999943e+02
1.559000000000000057e+02
1.561899999999999977e+02
1.564799999999999898e+02
1.567800000000000011e+02
1.570699999999999932e+02
1.573600000000000136e+02
1.576500000000000057e+02
1.579399999999999977e+02
1.582299999999999898e+02
1.585200000000000102e+02
1.588000000000000114e+02
1.590900000000000034e+02
1.593700000000000045e+02
1.596599999999999966e+02
1.599399999999999977e+02
1.602199999999999989e+02
1.605099999999999909e+02
1.607899999999999920e+02
1.610699999999999932e+02
1.613499999999999943e+02
1.616299999999999955e+02
1.619000000000000057e+02
1.621800000000000068e+02
1.624600000000000080e+02
1.627299999999999898e+02
1.630099999999999909e+02
1.632800000000000011e+02
1.635600000000000023e+02
1.638300000000000125e+02
1.640999999999999943e+02
1.643700000000000045e+02
1.646400000000000148e+02
1.649099999999999966e+02
1.651800000000000068e+02
1.654399999999999977e+02
1.657100000000000080e+02
1.659799999999999898e+02
1.662400000000000091e+02
1.665099999999999909e+02
1.667700000000000102e+02
1.670300000000000011e+02
1.672899999999999920e+02
1.675500000000000114e+02
1.678100000000000023e+02
1.680699999999999932e+02
1.683300000000000125e+02
1.685900000000000034e+02
1.688499999999999943e+02
1.690999999999999943e+02
1.693600000000000136e+02
1.696100000000000136e+02
1.698700000000000045e+02
1.701200000000000045e+02
1.703700000000000045e+02
1.706200000000000045e+02
1.708799999999999955e+02
1.711200000000000045e+02
1.713700000000000045e+02
1.716200000000000045e+02
1.718700000000000045e+02
1.721200000000000045e+02
1.723600000000000136e+02
1.726100000000000136e+02
1.728499999999999943e+02
1.730999999999999943e+02
1.733400000000000034e+02
1.735800000000000125e+02
1.738199999999999932e+02
1.740600000000000023e+02
1.743000000000000114e+02
1.745399999999999920e+02
1.747800000000000011e+02
1.750200000000000102e+02
1.752500000000000000e+02
1.754900000000000091e+02
1.757199999999999989e+02
1.759600000000000080e+02
1.761899999999999977e+02
1.764200000000000159e+02
1.766500000000000057e+02
1.768799999999999955e+02
1.771100000000000136e+02
1.773400000000000034e+02
1.775699999999999932e+02
1.778000000000000114e+02
1.780300000000000011e+02
1.782500000000000000e+02
1.784799999999999898e+02
1.787000000000000171e+02
1.789300000000000068e+02
1.791500000000000057e+02
1.793700000000000045e+02
1.795900000000000034e+02
1.798100000000000023e+02
1.800300000000000011e+02
1.802500000000000000e+02
1.804699999999999989e+02
1.806899999999999977e+02
1.809099999999999966e+02
1.811200000000000045e+02
1.813400000000000034e+02
1.815500000000000114e+02
1.817700000000000102e+02
1.819799999999999898e+02
1.821899999999999977e+02
1.824000000000000057e+02
1.826100000000000136e+02
1.828199999999999932e+02
1.830300000000000011e+02
1.832400000000000091e+02
1.834500000000000171e+02
1.836500000000000057e+02
1.838600000000000136e+02
1.840600000000000023e+02
1.842700000000000102e+02
1.844699999999999989e+02
1.846700000000000159e+02
1.848799999999999955e+02
1.850800000000000125e+02
1.852800000000000011e+02
1.854799999999999898e+02
1.856800000000000068e+02
1.858700000000000045e+02
1.860699999999999932e+02
1.862700000000000102e+02
1.864600000000000080e+02
1.866599999999999966e+02
1.868499999999999943e+02
1.870399999999999920e+02
1.872400000000000091e+02
1.874300000000000068e+02
1.876200000000000045e+02
1.878100000000000023e+02
1.880000000000000000e+02
1.881899999999999977e+02
1.883700000000000045e+02
1.885600000000000023e+02
1.887500000000000000e+02
1.889300000000000068e+02
1.891200000000000045e+02
1.893000000000000114e+02
1.894799999999999898e+02
1.896700000000000159e+02
1.898499999999999943e+02
1.900300000000000011e+02
1.902100000000000080e+02
1.903900000000000148e+02
1.905600000000000023e+02
1.907400000000000091e+02
1.909200000000000159e+02
1.910900000000000034e+02
1.912700000000000102e+02
1.914399999999999977e+02
1.916200000000000045e+02
1.917899999999999920e+02
1.919600000000000080e+02
1.921299999999999955e+02
1.923000000000000114e+02
1.924699999999999989e+02
1.926400000000000148e+02
1.928100000000000023e+02
1.929800000000000182e+02
1.931400000000000148e+02
1.933100000000000023e+02
1.934699999999999989e+02
1.936299999999999955e+02
1.938000000000000114e+02
1.939600000000000080e+02
1.941200000000000045e+02
1.942800000000000011e+02
1.944399999999999977e+02
1.945999999999999943e+02
1.947599999999999909e+02
1.949200000000000159e+02
1.950699999999999932e+02
1.952300000000000182e+02
1.953799999999999955e+02
1.955399999999999920e+02
1.956899999999999977e+02
1.958400000000000034e+02
1.959900000000000091e+02
1.961500000000000057e+02
1.963000000000000114e+02
1.964399999999999977e+02
1.965900000000000034e+02
1.967400000000000091e+02
1.968900000000000148e+02
1.970300000000000011e+02
1.971800000000000068e+02
1.973199999999999932e+02
1.974699999999999989e+02
1.976100000000000136e+02
1.977500000000000000e+02
1.978900000000000148e+02
1.980300000000000011e+02
1.981700000000000159e+02
1.983100000000000023e+02
1.984500000000000171e+02
1.985800000000000125e+02
1.987199999999999989e+02
1.988600000000000136e+02
1.989900000000000091e+02
1.991200000000000045e+02
1.992599999999999909e+02
1.993900000000000148e+02
1.995200000000000102e+02
1.996500000000000057e+02
1.997800000000000011e+02
1.999099999999999966e+02
2.000399999999999920e+02
2.001599999999999966e+02
2.002899999999999920e+02
2.004099999999999966e+02
2.005399999999999920e+02
2.006599999999999966e+02
2.007800000000000011e+02
2.009099999999999966e+02
2.010300000000000011e+02
2.011500000000000057e+02
2.012700000000000102e+02
2.013900000000000148e+02
2.015000000000000000e+02
2.016200000000000045e+02
2.017400000000000091e+02
2.018499999999999943e+02
2.019699999999999989e+02
2.020800000000000125e+02
2.021899999999999977e+02
2.023000000000000114e+02
2.024099999999999966e+02
2.025200000000000102e+02
2.026299999999999955e+02
2.027400000000000091e+02
2.028499999999999943e+02
2.029600000000000080e+02
2.030600000000000023e+02
2.031700000000000159e+02
2.032700000000000102e+02
2.033700000000000045e+02
2.034800000000000182e+02
2.035800000000000125e+02
2.036800000000000068e+02
2.037800000000000011e+02
2.038799999999999955e+02
2.039800000000000182e+02
2.040699999999999932e+02
2.041700000000000159e+02
2.042599999999999909e+02
2.043600000000000136e+02
2.044500000000000171e+02
2.045500000000000114e+02
2.046400000000000148e+02
2.047300000000000182e+02
2.048199999999999932e+02
2.049099999999999966e+02
2.050000000000000000e+02
2.050800000000000125e+02
2.051700000000000159e+02
2.052599999999999909e+02
2.053400000000000034e+02
2.054200000000000159e+02
2.055099999999999909e+02
2.055900000000000034e+02
2.056700000000000159e+02
2.057500000000000000e+02
2.058300000000000125e+02
2.059099999999999966e+02
2.059900000000000091e+02
2.060600000000000023e+02
2.061400000000000148e+02
2.062199999999999989e+02
2.062899999999999920e+02
2.063600000000000136e+02
2.064300000000000068e+02
2.065099999999999909e+02
2.065800000000000125e+02
2.066500000000000057e+02
2.067100000000000080e+02
2.067800000000000011e+02
2.068499999999999943e+02
2.069200000000000159e+02
2.069800000000000182e+02
2.070399999999999920e+02
2.071100000000000136e+02
2.071700000000000159e+02
2.072300000000000182e+02
2.072899999999999920e+02
2.073499999999999943e+02
2.074099999999999966e+02
2.074699999999999989e+02
2.075200000000000102e+02
2.075800000000000125e+02
2.076400000000000148e+02
2.076899999999999977e+02
2.077400000000000091e+02
2.077899999999999920e+02
2.078499999999999943e+02
2.079000000000000057e+02
2.079399999999999977e+02
2.079900000000000091e+02
2.080399999999999920e+02
2.080900000000000034e+02
2.081299999999999955e+02
2.081800000000000068e+02
2.082199999999999989e+02
2.082599999999999909e+02
2.083000000000000114e+02
2.083400000000000034e+02
2.083799999999999955e+02
2.084200000000000159e+02
2.084600000000000080e+02
2.085000000000000000e+02
2.085300000000000011e+02
2.085699999999999932e+02
2.085999999999999943e+02
2.086400000000000148e+02
2.086700000000000159e+02
2.087000000000000171e+02
2.087300000000000182e+02
2.087599999999999909e+02
2.087899999999999920e+02
2.088100000000000023e+02
2.088400000000000034e+02
2.088600000000000136e+02
2.088900000000000148e+02
2.089099999999999966e+02
2.089300000000000068e+02
2.089500000000000171e+02
2.089699999999999989e+02
2.089900000000000091e+02
2.090099999999999909e+02
2.090300000000000011e+02
2.090500000000000114e+02
2.090600000000000023e+02
2.090699999999999932e+02
2.090900000000000034e+02
2.090999999999999943e+02
2.091100000000000136e+02
2.091200000000000045e+02
2.091299999999999955e+02
2.091400000000000148e+02
2.091500000000000057e+02
2.091500000000000057e+02
2.091599999999999966e+02
2.091599999999999966e+02
2.091599999999999966e+02
2.091700000000000159e+02
2.091700000000000159e+02
2.091700000000000159e+02
2.091599999999999966e+02
2.091599999999999966e+02
2.091599999999999966e+02
2.091500000000000057e+02
2.091500000000000057e+02
2.091400000000000148e+02
2.091400000000000148e+02
2.091299999999999955e+02
2.091200000000000045e+02
2.091100000000000136e+02
2.090900000000000034e+02
2.090800000000000125e+02
2.090699999999999932e+02
2.090500000000000114e+02
2.090399999999999920e+02
2.090200000000000102e+02
2.090000000000000000e+02
2.089800000000000182e+02
2.089600000000000080e+02
2.089399999999999977e+02
2.089200000000000159e+02
2.088900000000000148e+02
2.088700000000000045e+02
2.088400000000000034e+02
2.088199999999999932e+02
2.087899999999999920e+02
2.087599999999999909e+02
2.087300000000000182e+02
2.087000000000000171e+02
2.086700000000000159e+02
2.086299999999999955e+02
2.085999999999999943e+02
2.085600000000000023e+02
2.085200000000000102e+02
2.084900000000000091e+02
2.084500000000000171e+02
2.084099999999999966e+02
2.083700000000000045e+02
2.083199999999999932e+02
2.082800000000000011e+02
2.082300000000000182e+02
2.081899999999999977e+02
2.081400000000000148e+02
2.080900000000000034e+02
2.080399999999999920e+02
2.079900000000000091e+02
2.079399999999999977e+02
2.078900000000000148e+02
2.078300000000000125e+02
2.077800000000000011e+02
2.077199999999999989e+02
2.076599999999999966e+02
2.075999999999999943e+02
2.075399999999999920e+02
2.074800000000000182e+02
2.074200000000000159e+02
2.073600000000000136e+02
2.072899999999999920e+02
2.072300000000000182e+02
2.071599999999999966e+02
2.070900000000000034e+02
2.070200000000000102e+02
2.069500000000000171e+02
2.068799999999999955e+02
2.068000000000000114e+02
2.067300000000000182e+02
2.066500000000000057e+02
2.065800000000000125e+02
2.065000000000000000e+02
2.064200000000000159e+02
2.063400000000000034e+02
2.062599999999999909e+02
2.061700000000000159e+02
2.060900000000000034e+02
2.060000000000000000e+02
2.059200000000000159e+02
2.058300000000000125e+02
2.057400000000000091e+02
2.056500000000000057e+02
2.055600000000000023e+02
2.054600000000000080e+02
2.053700000000000045e+02
2.052700000000000102e+02
2.051700000000000159e+02
2.050699999999999932e+02
2.049699999999999989e+02
2.048700000000000045e+02
2.047700000000000102e+02
2.046700000000000159e+02
2.045600000000000023e+02
2.044600000000000080e+02
2.043499999999999943e+02
2.042400000000000091e+02
2.041299999999999955e+02
2.040200000000000102e+02
2.039000000000000057e+02
2.037899999999999920e+02
2.036700000000000159e+02
2.035600000000000023e+02
2.034399999999999977e+02
2.033199999999999932e+02
2.032000000000000171e+02
2.030699999999999932e+02
2.029500000000000171e+02
2.028199999999999932e+02
2.027000000000000171e+02
2.025699999999999932e+02
2.024399999999999977e+02
2.023100000000000023e+02
2.021700000000000159e+02
2.020399999999999920e+02
2.019000000000000057e+02
2.017700000000000102e+02
2.016299999999999955e+02
2.014900000000000091e+02
2.013499999999999943e+02
2.012100000000000080e+02
2.010600000000000023e+02
2.009200000000000159e+02
2.007700000000000102e+02
2.006200000000000045e+02
2.004699999999999989e+02
2.003199999999999932e+02
2.001700000000000159e+02
2.000099999999999909e+02
1.998600000000000136e+02
1.997000000000000171e+02
1.995399999999999920e+02
1.993799999999999955e+02
1.992199999999999989e+02
1.990500000000000114e+02
1.988900000000000148e+02
1.987199999999999989e+02
1.985500000000000114e+02
1.983799999999999955e+02
1.982100000000000080e+02
1.980399999999999920e+02
1.978700000000000045e+02
1.976899999999999977e+02
1.975099999999999909e+02
1.973300000000000125e+02
1.971500000000000057e+02
1.969699999999999989e+02
1.967800000000000011e+02
1.965999999999999943e+02
1.964099999999999966e+02
1.962199999999999989e+02
1.960300000000000011e+02
1.958400000000000034e+02
1.956500000000000057e+02
1.954500000000000171e+02
1.952500000000000000e+02
1.950500000000000114e+02
1.948499999999999943e+02
1.946500000000000057e+02
1.944500000000000171e+02
1.942400000000000091e+02
1.940300000000000011e+02
1.938300000000000125e+02
1.936100000000000136e+02
1.934000000000000057e+02
1.931899999999999977e+02
1.929699999999999989e+02
1.927500000000000000e+02
1.925300000000000011e+02
1.923100000000000023e+02
1.920900000000000034e+02
1.918600000000000136e+02
1.916400000000000148e+02
1.914099999999999966e+02
1.911800000000000068e+02
1.909399999999999977e+02
1.907100000000000080e+02
1.904699999999999989e+02
1.902400000000000091e+02
1.900000000000000000e+02
1.897599999999999909e+02
1.895099999999999909e+02
1.892700000000000102e+02
1.890200000000000102e+02
1.887700000000000102e+02
1.885200000000000102e+02
1.882599999999999909e+02
1.880099999999999909e+02
1.877500000000000000e+02
1.874900000000000091e+02
1.872299999999999898e+02
1.869699999999999989e+02
1.867000000000000171e+02
1.864399999999999977e+02
1.861700000000000159e+02
1.859000000000000057e+02
1.856200000000000045e+02
1.853499999999999943e+02
1.850699999999999932e+02
1.847899999999999920e+02
1.845099999999999909e+02
1.842299999999999898e+02
1.839399999999999977e+02
1.836500000000000057e+02
1.833600000000000136e+02
1.830699999999999932e+02
1.827700000000000102e+02
1.824799999999999898e+02
1.821800000000000068e+02
1.818799999999999955e+02
1.815699999999999932e+02
1.812700000000000102e+02
1.809600000000000080e+02
1.806500000000000057e+02
1.803400000000000034e+02
1.800200000000000102e+02
1.797100000000000080e+02
1.793900000000000148e+02
1.790699999999999932e+02
1.787400000000000091e+02
1.784200000000000159e+02
1.780900000000000034e+02
1.777599999999999909e+02
1.774200000000000159e+02
1.770900000000000034e+02
1.767500000000000000e+02
1.764099999999999966e+02
1.760600000000000023e+02
1.757199999999999989e+02
1.753700000000000045e+02
1.750200000000000102e+02
1.746599999999999966e+02
1.743100000000000023e+02
1.739500000000000171e+02
1.735900000000000034e+02
1.732199999999999989e+02
1.728600000000000136e+02
1.724900000000000091e+02
1.721200000000000045e+02
1.717400000000000091e+02
1.713600000000000136e+02
1.709799999999999898e+02
1.705999999999999943e+02
1.702100000000000080e+02
1.698300000000000125e+02
1.694300000000000068e+02
1.690399999999999920e+02
1.686400000000000148e+02
1.682400000000000091e+02
1.678400000000000034e+02
1.674300000000000068e+02
1.670300000000000011e+02
1.666100000000000136e+02
1.662000000000000171e+02
1.657800000000000011e+02
1.653600000000000136e+02
1.649300000000000068e+02
1.645099999999999909e+02
1.640800000000000125e+02
1.636400000000000148e+02
1.632100000000000080e+02
1.627700000000000102e+02
1.623199999999999932e+02
1.618799999999999955e+02
1.614300000000000068e+02
1.609699999999999989e+02
1.605099999999999909e+02
1.600500000000000114e+02
1.595900000000000034e+02
1.591200000000000045e+02
1.586500000000000057e+02
1.581800000000000068e+02
1.577000000000000171e+02
1.572199999999999989e+02
1.567299999999999898e+02
1.562400000000000091e+02
1.557500000000000000e+02
1.552500000000000000e+02
1.547500000000000000e+02
1.542500000000000000e+02
1.537400000000000091e+02
1.532299999999999898e+02
1.527100000000000080e+02
1.521899999999999977e+02
1.516700000000000159e+02
1.511400000000000148e+02
1.506100000000000136e+02
1.500699999999999932e+02
1.495300000000000011e+02
1.489900000000000091e+02
1.484399999999999977e+02
1.478799999999999955e+02
1.473199999999999932e+02
1.467599999999999909e+02
1.461899999999999977e+02
1.456200000000000045e+02
1.450399999999999920e+02
1.444600000000000080e+02
1.438799999999999955e+02
1.432800000000000011e+02
1.426899999999999977e+02
1.420900000000000034e+02
1.414799999999999898e+02
1.408700000000000045e+02
1.402500000000000000e+02
1.396299999999999955e+02
1.390000000000000000e+02
1.383700000000000045e+02
1.377299999999999898e+02
1.370900000000000034e+02
1.364399999999999977e+02
1.357800000000000011e+02
1.351200000000000045e+02
1.344499999999999886e+02
1.337800000000000011e+02
1.330999999999999943e+02
1.324099999999999966e+02
1.317199999999999989e+02
1.310200000000000102e+02
1.303199999999999932e+02
1.296100000000000136e+02
1.288900000000000148e+02
1.281599999999999966e+02
1.274300000000000068e+02
1.266899999999999977e+02
1.259399999999999977e+02
1.251899999999999977e+02
1.244300000000000068e+02
1.236599999999999966e+02
1.228799999999999955e+02
1.221000000000000085e+02
1.212999999999999972e+02
1.205000000000000000e+02
1.196899999999999977e+02
1.188700000000000045e+02
1.180499999999999972e+02
1.172100000000000080e+02
1.163700000000000045e+02
1.155100000000000051e+02
1.146500000000000057e+02
1.137699999999999960e+02
1.128900000000000006e+02
1.119900000000000091e+02
1.110900000000000034e+02
1.101700000000000017e+02
1.092400000000000091e+02
1.082999999999999972e+02
1.073500000000000085e+02
1.063900000000000006e+02
1.054200000000000017e+02
1.044300000000000068e+02
1.034300000000000068e+02
1.024099999999999966e+02
1.013799999999999955e+02
1.003400000000000034e+02
9.928000000000000114e+01
9.821000000000000796e+01
9.712000000000000455e+01
9.601999999999999602e+01
9.490000000000000568e+01
9.376000000000000512e+01
9.260000000000000853e+01
9.142000000000000171e+01
9.023000000000000398e+01
8.901000000000000512e+01
8.776999999999999602e+01
8.651999999999999602e+01
8.523000000000000398e+01
8.393000000000000682e+01
8.259000000000000341e+01
8.123000000000000398e+01
7.985000000000000853e+01
7.843000000000000682e+01
7.698000000000000398e+01
7.550000000000000000e+01
7.398999999999999488e+01
7.243999999999999773e+01
7.085000000000000853e+01
6.921000000000000796e+01
6.753000000000000114e+01
6.579999999999999716e+01
6.401999999999999602e+01
6.217999999999999972e+01
6.028000000000000114e+01
5.831000000000000227e+01
5.627000000000000313e+01
5.414000000000000057e+01
5.192000000000000171e+01
4.957999999999999829e+01
